S,3,-,-,-,O,c,t,1,2, ,-, ,C,h,a,r,-,M,O,V,-,-,-, ,n,e,x,t, ,t,r,i,a,l
S,3,-,-,-,O,c,t,1,2, ,-, ,C,h,a,r,-,M,O,V,-,-,-, ,n,e,x,t, ,t,r,i,a,l
S,3,-,-,-,O,c,t,1,2, ,-, ,C,h,a,r,-,M,O,V,-,-,-, ,n,e,x,t, ,t,r,i,a,l
S,3,-,-,-,O,c,t,1,2, ,-, ,C,h,a,r,-,M,O,V,-,-,-, ,n,e,x,t, ,t,r,i,a,l
S,3,-,-,-,O,c,t,1,2, ,-, ,C,h,a,r,-,M,O,V,-,-,-, ,n,e,x,t, ,t,r,i,a,l
S,3,-,-,-,O,c,t,1,2, ,-, ,C,h,a,r,-,M,O,V,-,-,-, ,n,e,x,t, ,t,r,i,a,l
S,3,-,-,-,O,c,t,1,2, ,-, ,C,h,a,r,-,M,O,V,-,-,-, ,n,e,x,t, ,t,r,i,a,l
S,3,-,-,-,O,c,t,1,2, ,-, ,C,h,a,r,-,M,O,V,-,-,-, ,n,e,x,t, ,t,r,i,a,l
S,3,-,-,-,O,c,t,1,2, ,-, ,C,h,a,r,-,M,O,V,-,-,-, ,n,e,x,t, ,t,r,i,a,l
S,3,-,-,-,O,c,t,1,2, ,-, ,C,h,a,r,-,M,O,V,-,-,-, ,n,e,x,t, ,t,r,i,a,l
S,3,-,-,-,O,c,t,1,2, ,-, ,C,h,a,r,-,M,O,V,-,-,-, ,n,e,x,t, ,t,r,i,a,l
S,3,-,-,-,O,c,t,1,2, ,-, ,C,h,a,r,-,M,O,V,-,-,-, ,n,e,x,t, ,t,r,i,a,l
S,3,-,-,-,O,c,t,1,2, ,-, ,C,h,a,r,-,M,O,V,-,-,-, ,n,e,x,t, ,t,r,i,a,l
S,3,-,-,-,O,c,t,1,2, ,-, ,C,h,a,r,-,M,O,V,-,-,-, ,n,e,x,t, ,t,r,i,a,l
S,3,-,-,-,O,c,t,1,2, ,-, ,C,h,a,r,-,M,O,V,-,-,-, ,n,e,x,t, ,t,r,i,a,l
S,3,-,-,-,O,c,t,1,2, ,-, ,C,h,a,r,-,M,O,V,-,-,-, ,n,e,x,t, ,t,r,i,a,l
S,3,-,-,-,O,c,t,1,2, ,-, ,C,h,a,r,-,M,O,V,-,-,-, ,n,e,x,t, ,t,r,i,a,l
S,3,-,-,-,O,c,t,1,2, ,-, ,C,h,a,r,-,M,O,V,-,-,-, ,n,e,x,t, ,t,r,i,a,l
S,3,-,-,-,O,c,t,1,2, ,-, ,C,h,a,r,-,M,O,V,-,-,-, ,n,e,x,t, ,t,r,i,a,l
S,3,-,-,-,O,c,t,1,2, ,-, ,C,h,a,r,-,M,O,V,-,-,-, ,n,e,x,t, ,t,r,i,a,l
S,3,-,-,-,O,c,t,1,2, ,-, ,C,h,a,r,-,M,O,V,-,-,-, ,n,e,x,t, ,t,r,i,a,l
S,3,-,-,-,O,c,t,1,2, ,-, ,C,h,a,r,-,M,O,V,-,-,-, ,n,e,x,t, ,t,r,i,a,l
S,3,-,-,-,O,c,t,1,2, ,-, ,C,h,a,r,-,M,O,V,-,-,-, ,n,e,x,t, ,t,r,i,a,l
S,3,-,-,-,O,c,t,1,2, ,-, ,C,h,a,r,-,M,O,V,-,-,-, ,n,e,x,t, ,t,r,i,a,l
S,3,-,-,-,O,c,t,1,2, ,-, ,C,h,a,r,-,M,O,V,-,-,-, ,n,e,x,t, ,t,r,i,a,l
S,3,-,-,-,O,c,t,1,2, ,-, ,C,h,a,r,-,M,O,V,-,-,-, ,n,e,x,t, ,t,r,i,a,l
S,3,-,-,-,O,c,t,1,2, ,-, ,C,h,a,r,-,M,O,V,-,-,-, ,n,e,x,t, ,t,r,i,a,l
S,3,-,-,-,O,c,t,1,2, ,-, ,C,h,a,r,-,M,O,V,-,-,-, ,n,e,x,t, ,t,r,i,a,l
S,3,-,-,-,O,c,t,1,2, ,-, ,C,h,a,r,-,M,O,V,-,-,-, ,n,e,x,t, ,t,r,i,a,l
[  0.44229312  -0.72176311 -71.51859038],[-1.0100315  -0.25987762  0.10489821  1.        ]
"[[ 0.30103093  0.95358187 -0.00787732 -1.0112743 ]
 [-0.95339566  0.3011285   0.01892914 -0.2581773 ]
 [ 0.02042257  0.00181195  0.9997898   0.10337256]
 [ 0.          0.          0.          1.        ]]"
"[[ 0.5858155   1.9119817  -0.0270535  -2.0207434 ]
 [-1.9118239   0.58617693  0.0316956  -0.5154414 ]
 [ 0.03812408  0.01655524  1.9995244   0.20834881]
 [ 0.          0.          0.          2.        ]]"
"[[ 0.89131033  2.8641417  -0.01902902 -3.035935  ]
 [-2.8639123   0.8915017   0.04914533 -0.77734226]
 [ 0.05228893  0.00358442  2.9993398   0.3166263 ]
 [ 0.          0.          0.          3.        ]]"
"[[ 0.29710343  0.9547139  -0.00634301 -1.0119783 ]
 [-0.95463747  0.29716724  0.01638178 -0.2591141 ]
 [ 0.01742964  0.00119481  0.99977994  0.1055421 ]
 [ 0.          0.          0.          1.        ]]"
S,3,-,-,-,O,c,t,1,2, ,-, ,C,h,a,r,-,M,O,V,-,-,-, ,n,e,x,t, ,t,r,i,a,l
S,3,-,-,-,O,c,t,1,2, ,-, ,C,h,a,r,-,M,O,V,-,-,-, ,n,e,x,t, ,t,r,i,a,l
S,3,-,-,-,O,c,t,1,2, ,-, ,C,h,a,r,-,M,O,V,-,-,-, ,n,e,x,t, ,t,r,i,a,l
S,3,-,-,-,O,c,t,1,2, ,-, ,C,h,a,r,-,M,O,V,-,-,-, ,n,e,x,t, ,t,r,i,a,l
S,3,-,-,-,O,c,t,1,2, ,-, ,C,h,a,r,-,M,O,V,-,-,-, ,n,e,x,t, ,t,r,i,a,l
[ -87.72676838   55.98913336 -177.69956918],[-0.47857818 -0.35461527  0.23090523  1.        ]
"[[-0.5546191   0.83201027 -0.01251695 -0.47704113]
 [-0.01718187 -0.02649021 -0.99950147 -0.3550257 ]
 [-0.83192706 -0.55412745  0.02898741  0.23002505]
 [ 0.          0.          0.          1.        ]]"
"[[-1.1077566   1.6650178  -0.02423808 -0.9539249 ]
 [-0.03432894 -0.05194056 -1.9990306  -0.70897543]
 [-1.6648407  -1.1068034   0.05734849  0.46059623]
 [ 0.          0.          0.          2.        ]]"
"[[-1.6621945   2.4972284  -0.02919599 -1.4306448 ]
 [-0.05149278 -0.06933129 -2.998732   -1.0630131 ]
 [-2.496889   -1.6609905   0.08127439  0.69155306]
 [ 0.          0.          0.          3.        ]]"
"[[-0.5540648   0.83240944 -0.009732   -0.4768816 ]
 [-0.01716426 -0.02311043 -0.99957734 -0.3543377 ]
 [-0.8322964  -0.5536635   0.02709146  0.23051769]
 [ 0.          0.          0.          1.        ]]"
S,3,-,-,-,O,c,t,1,2, ,-, ,C,h,a,r,-,M,O,V,-,-,-, ,n,e,x,t, ,t,r,i,a,l
[ -88.38748558   55.93263995 -178.84376069],[-0.47332472 -0.35255882  0.23854256  1.        ]
"[[-0.5631914   0.82628393 -0.00839594 -0.47293013]
 [-0.01049122 -0.0173099  -0.9997952  -0.3536435 ]
 [-0.82626    -0.5629879   0.01841736  0.23857176]
 [ 0.          0.          0.          1.        ]]"
"[[-1.1262012   1.652732   -0.00641945 -0.94628125]
 [-0.02198824 -0.02275085 -1.9997144  -0.70752954]
 [-1.6526304  -1.1259747   0.03098226  0.47702596]
 [ 0.          0.          0.          2.        ]]"
"[[-1.6933849   2.4763207  -0.00847724 -1.4193232 ]
 [-0.03303608 -0.03285754 -2.9996023  -1.0606599 ]
 [-2.4761477  -1.6930721   0.04581344  0.71540135]
 [ 0.          0.          0.          3.        ]]"
"[[-0.56446165  0.8254402  -0.00282575 -0.47310773]
 [-0.01101203 -0.01095251 -0.99986744 -0.3535533 ]
 [-0.82538253 -0.56435734  0.01527115  0.23846711]
 [ 0.          0.          0.          1.        ]]"
S,3,-,-,-,O,c,t,1,2, ,-, ,C,h,a,r,-,M,O,V,-,-,-, ,n,e,x,t, ,t,r,i,a,l
S,3,-,-,-,O,c,t,1,2, ,-, ,C,h,a,r,-,M,O,V,-,-,-, ,n,e,x,t, ,t,r,i,a,l
[ -88.18512917   56.321365   -177.90481355],[-0.4751419  -0.34977606  0.22883087  1.        ]
"[[-0.56147707  0.8274913   0.00133395 -0.4749648 ]
 [-0.02093056 -0.01259041 -0.9997017  -0.3531437 ]
 [-0.8272276  -0.5613374   0.02438909  0.22697927]
 [ 0.          0.          0.          1.        ]]"
"[[-1.1241777   1.6541233   0.00826389 -0.950393  ]
 [-0.04319337 -0.01936412 -1.999431   -0.7060894 ]
 [-1.6535888  -1.1240398   0.0466035   0.45492113]
 [ 0.          0.          0.          2.        ]]"
"[[-1.6839783   2.482751    0.00856254 -1.4255923 ]
 [-0.06225258 -0.03187978 -2.9991713  -1.0587339 ]
 [-2.481997   -1.6837004   0.06940264  0.6832056 ]
 [ 0.          0.          0.          3.        ]]"
"[[-0.5613261   0.8275836   0.00285418 -0.47519743]
 [-0.02075086 -0.01062659 -0.99972373 -0.35291132]
 [-0.8273323  -0.56123346  0.02313421  0.2277352 ]
 [ 0.          0.          0.          1.        ]]"
S,3,-,-,-,O,c,t,1,2, ,-, ,C,h,a,r,-,M,O,V,-,-,-, ,n,e,x,t, ,t,r,i,a,l
[ -87.85033518   56.02236487 -178.29216917],[-0.47363544 -0.34910792  0.22911814  1.        ]
"[[-0.5607729   0.82796645  0.0023618  -0.47376746]
 [-0.01749083 -0.00899446 -0.9998067  -0.3511806 ]
 [-0.827785   -0.5607057   0.01952553  0.22707826]
 [ 0.          0.          0.          1.        ]]"
"[[-1.118957    1.6576737   0.00644261 -0.9484677 ]
 [-0.03570032 -0.0163275  -1.9996142  -0.70327276]
 [-1.6573025  -1.1188564   0.03872705  0.45367157]
 [ 0.          0.          0.          2.        ]]"
"[[-1.6758034   2.4882889   0.00749296 -1.4225209 ]
 [-0.05173376 -0.02581215 -2.999441   -1.0557222 ]
 [-2.4877634  -1.6756228   0.0573259   0.68073297]
 [ 0.          0.          0.          3.        ]]"
"[[-0.55860114  0.8294296   0.00249765 -0.47417364]
 [-0.01724459 -0.00860405 -0.9998136  -0.3519074 ]
 [-0.82925445 -0.55854094  0.01910863  0.226911  ]
 [ 0.          0.          0.          1.        ]]"
S,3,-,-,-,O,c,t,1,2, ,-, ,C,h,a,r,-,M,O,V,-,-,-, ,n,e,x,t, ,t,r,i,a,l
S,3,-,-,-,O,c,t,1,2, ,-, ,C,h,a,r,-,M,O,V,-,-,-, ,n,e,x,t, ,t,r,i,a,l
S,3,-,-,-,O,c,t,1,2, ,-, ,C,h,a,r,-,M,O,V,-,-,-, ,n,e,x,t, ,t,r,i,a,l
[-29.77855498   6.27032764 -74.77960202],[-0.9537081  -0.31315202  0.37174693  1.        ]
S,3,-,-,-,O,c,t,1,2, ,-, ,C,h,a,r,-,M,O,V,-,-,-, ,n,e,x,t, ,t,r,i,a,l
S,3,-,-,-,O,c,t,1,2, ,-, ,C,h,a,r,-,M,O,V,-,-,-, ,n,e,x,t, ,t,r,i,a,l
[ -87.85622264   56.11313521 -178.41680707],[-0.4761375  -0.34894353  0.22701716  1.        ]
"[[-5.5661607e-01  8.3076978e-01  2.3889542e-04 -4.7489145e-01]
 [-1.3317078e-02 -8.6349249e-03 -9.9987400e-01 -3.5005724e-01]
 [-8.3066308e-01 -5.5654919e-01  1.5869737e-02  2.2788444e-01]
 [ 0.0000000e+00  0.0000000e+00  0.0000000e+00  1.0000000e+00]]"
"[[-1.1115414   1.6626554  -0.00471121 -0.9499581 ]
 [-0.02607056 -0.02309179 -1.9996881  -0.6999065 ]
 [-1.6624656  -1.1113081   0.03450155  0.4554262 ]
 [ 0.          0.          0.          2.        ]]"
"[[-1.657195    2.500647   -0.01037693 -1.4250674 ]
 [-0.03734291 -0.03719163 -2.999525   -1.0491092 ]
 [-2.5004005  -1.6568089   0.05164135  0.6832687 ]
 [ 0.          0.          0.          3.        ]]"
"[[-0.5523983   0.833549   -0.00345898 -0.47502246]
 [-0.01244764 -0.01239721 -0.9998417  -0.34970307]
 [-0.8334668  -0.55226964  0.01721378  0.22775625]
 [ 0.          0.          0.          1.        ]]"
S,3,-,-,-,O,c,t,1,2, ,-, ,C,h,a,r,-,M,O,V,-,-,-, ,n,e,x,t, ,t,r,i,a,l
S,3,-,-,-,O,c,t,1,2, ,-, ,C,h,a,r,-,M,O,V,-,-,-, ,n,e,x,t, ,t,r,i,a,l
S,3,-,-,-,O,c,t,1,2, ,-, ,C,h,a,r,-,M,O,V,-,-,-, ,n,e,x,t, ,t,r,i,a,l
[ -87.71555642   56.20316332 -177.84901831],[-0.47472185 -0.35223687  0.22545524  1.        ]
"[[-0.55698943  0.83040226  0.01394969 -0.4718359 ]
 [-0.01650289  0.00572693 -0.9998474  -0.35358098]
 [-0.83035547 -0.55713475  0.01051426  0.22559452]
 [ 0.          0.          0.          1.        ]]"
"[[-1.1130372   1.6614958   0.02366734 -0.9448366 ]
 [-0.03302243  0.00636542 -1.9997108  -0.70733607]
 [-1.6613417  -1.1132671   0.02388847  0.45108923]
 [ 0.          0.          0.          2.        ]]"
"[[-1.6670936   2.4938886   0.03565812 -1.4178298 ]
 [-0.04915598  0.01002991 -2.999574   -1.0610662 ]
 [-2.4936645  -1.6674411   0.03528762  0.6764431 ]
 [ 0.          0.          0.          3.        ]]"
"[[-0.55569786  0.8312962   0.01188604 -0.4726099 ]
 [-0.01638533  0.0033433  -0.99985796 -0.35368872]
 [-0.8312215  -0.5558137   0.01176254  0.22548103]
 [ 0.          0.          0.          1.        ]]"
S,3,-,-,-,O,c,t,1,2, ,-, ,C,h,a,r,-,M,O,V,-,-,-, ,n,e,x,t, ,t,r,i,a,l
S,3,-,-,-,O,c,t,1,2, ,-, ,C,h,a,r,-,M,O,V,-,-,-, ,n,e,x,t, ,t,r,i,a,l
S,3,-,-,-,O,c,t,1,2, ,-, ,C,h,a,r,-,M,O,V,-,-,-, ,n,e,x,t, ,t,r,i,a,l
[ -87.57823119   55.97728328 -178.00859214],[-0.47496864 -0.35329747  0.22864896  1.        ]
"[[-0.562039    0.82709956  0.00429976 -0.47604474]
 [-0.02190825 -0.00969017 -0.99971306 -0.35319737]
 [-0.82682055 -0.5619719   0.02356654  0.22854248]
 [ 0.          0.          0.          1.        ]]"
"[[-1.1248751   1.6536477   0.01012585 -0.95148885]
 [-0.0427126  -0.01680982 -1.9994713  -0.7072103 ]
 [-1.6531274  -1.124793    0.04476953  0.45718592]
 [ 0.          0.          0.          2.        ]]"
"[[-1.6856089   2.4816184   0.01663977 -1.4266742 ]
 [-0.06208801 -0.022066   -2.99927    -1.060561  ]
 [-2.480897   -1.68554     0.06375891  0.68631804]
 [ 0.          0.          0.          3.        ]]"
"[[-0.5618696   0.82720613  0.00554659 -0.47555807]
 [-0.020696   -0.00735533 -0.99975663 -0.3535203 ]
 [-0.82696563 -0.5618467   0.02125297  0.22877268]
 [ 0.          0.          0.          1.        ]]"
S,3,-,-,-,O,c,t,1,2, ,-, ,C,h,a,r,-,M,O,V,-,-,-, ,n,e,x,t, ,t,r,i,a,l
[ -87.73053488   55.85960811 -177.88782508],[-0.47578192 -0.35205722  0.22692966  1.        ]
"[[-0.5664935   0.8240529   0.00470465 -0.474365  ]
 [-0.01957667 -0.00775003 -0.9997784  -0.3533738 ]
 [-0.8238337  -0.56646     0.02052253  0.22648694]
 [ 0.          0.          0.          1.        ]]"
"[[-1.128742    1.6509731   0.01364961 -0.94955075]
 [-0.03802067 -0.00947535 -1.9996068  -0.70876074]
 [-1.6505965  -1.1287769   0.03674418  0.45505667]
 [ 0.          0.          0.          2.        ]]"
"[[-1.690516    2.4782424   0.01964822 -1.4242233 ]
 [-0.05699995 -0.01511407 -2.9994109  -1.06311   ]
 [-2.4776697  -1.6905546   0.05561262  0.6828176 ]
 [ 0.          0.          0.          3.        ]]"
"[[-0.56350535  0.8260808   0.00654941 -0.4747411 ]
 [-0.01899998 -0.00503802 -0.9998036  -0.35437   ]
 [-0.8258899  -0.5635182   0.01853754  0.22760586]
 [ 0.          0.          0.          1.        ]]"
S,3,-,-,-,O,c,t,1,2, ,-, ,C,h,a,r,-,M,O,V,-,-,-, ,n,e,x,t, ,t,r,i,a,l
S,3,-,-,-,O,c,t,1,2, ,-, ,C,h,a,r,-,M,O,V,-,-,-, ,n,e,x,t, ,t,r,i,a,l
S,3,-,-,-,O,c,t,1,2, ,-, ,C,h,a,r,-,M,O,V,-,-,-, ,n,e,x,t, ,t,r,i,a,l
[ -87.69155264   55.82245062 -178.17853815],[-0.4740777  -0.35245362  0.22718169  1.        ]
"[[-5.5875635e-01  8.2933211e-01  1.3151765e-04 -4.7465119e-01]
 [-1.9627661e-02 -1.3065577e-02 -9.9972212e-01 -3.5314763e-01]
 [-8.2909989e-01 -5.5860341e-01  2.3578107e-02  2.2636369e-01]
 [ 0.0000000e+00  0.0000000e+00  0.0000000e+00  1.0000000e+00]]"
"[[-1.1185670e+00  1.6579518e+00  1.2852848e-03 -9.4945812e-01]
 [-4.0346324e-02 -2.5671005e-02 -1.9994280e+00 -7.0578194e-01]
 [-1.6574614e+00 -1.1182733e+00  4.7802687e-02  4.5168597e-01]
 [ 0.0000000e+00  0.0000000e+00  0.0000000e+00  2.0000000e+00]]"
"[[-1.6844412   2.4824104   0.00869635 -1.4241865 ]
 [-0.06264427 -0.03198898 -2.9991596  -1.0593671 ]
 [-2.4816518  -1.6841606   0.06976134  0.6784073 ]
 [ 0.          0.          0.          3.        ]]"
"[[-0.5614804   0.8274701   0.00289878 -0.47472882]
 [-0.02088142 -0.01066299 -0.99971986 -0.35312235]
 [-0.8272173  -0.5613869   0.02325378  0.22613578]
 [ 0.          0.          0.          1.        ]]"
S,3,-,-,-,O,c,t,1,2, ,-, ,C,h,a,r,-,M,O,V,-,-,-, ,n,e,x,t, ,t,r,i,a,l
S,3,-,-,-,O,c,t,1,2, ,-, ,C,h,a,r,-,M,O,V,-,-,-, ,n,e,x,t, ,t,r,i,a,l
S,3,-,-,-,O,c,t,1,2, ,-, ,C,h,a,r,-,M,O,V,-,-,-, ,n,e,x,t, ,t,r,i,a,l
S,3,-,-,-,O,c,t,1,2, ,-, ,C,h,a,r,-,M,O,V,-,-,-, ,n,e,x,t, ,t,r,i,a,l
S,3,-,-,-,O,c,t,1,2, ,-, ,C,h,a,r,-,M,O,V,-,-,-, ,n,e,x,t, ,t,r,i,a,l
S,3,-,-,-,O,c,t,1,2, ,-, ,C,h,a,r,-,M,O,V,-,-,-, ,n,e,x,t, ,t,r,i,a,l
[ -87.81236189   54.75306716 -178.04011775],[-0.47359747 -0.35103557  0.22976765  1.        ]
"[[-0.58260906  0.81274354  0.00383583 -0.4706148 ]
 [-0.02047697 -0.00996041 -0.9997408  -0.3517748 ]
 [-0.81249464 -0.5825365   0.02244556  0.22579692]
 [ 0.          0.          0.          1.        ]]"
"[[-1.1661214   1.6248369   0.00807625 -0.93978024]
 [-0.039884   -0.01868463 -1.9995145  -0.703197  ]
 [-1.6243672  -1.1659989   0.0432964   0.45171422]
 [ 0.          0.          0.          2.        ]]"
"[[-1.7469692   2.4388466   0.01017332 -1.4076078 ]
 [-0.05750406 -0.02868211 -2.9993093  -1.0546644 ]
 [-2.438189   -1.7467644   0.06344604  0.67797256]
 [ 0.          0.          0.          3.        ]]"
"[[-0.5823231   0.8129489   0.00339111 -0.4692026 ]
 [-0.01916802 -0.0095607  -0.99976975 -0.35155478]
 [-0.81272966 -0.5822548   0.02114868  0.22599085]
 [ 0.          0.          0.          1.        ]]"
S,3,-,-,-,O,c,t,1,2, ,-, ,C,h,a,r,-,M,O,V,-,-,-, ,n,e,x,t, ,t,r,i,a,l
[ -87.61997184   55.19983403 -178.18381331],[-0.47238034 -0.35120395  0.2284735   1.        ]
"[[-5.7326078e-01  8.1937248e-01  9.5140934e-04 -4.7375399e-01]
 [-2.0295203e-02 -1.3038397e-02 -9.9970901e-01 -3.5260472e-01]
 [-8.1912166e-01 -5.7311320e-01  2.4103701e-02  2.2815621e-01]
 [ 0.0000000e+00  0.0000000e+00  0.0000000e+00  1.0000000e+00]]"
"[[-1.1486211   1.6372664   0.00412038 -0.9475157 ]
 [-0.03931963 -0.02254784 -1.9994829  -0.70623046]
 [-1.6368005  -1.1484036   0.04513496  0.4571939 ]
 [ 0.          0.          0.          2.        ]]"
"[[-1.7190938   2.458572    0.00844967 -1.4219983 ]
 [-0.05716968 -0.0296762  -2.9992983  -1.0596865 ]
 [-2.4579234  -1.718848    0.06386155  0.6859365 ]
 [ 0.          0.          0.          3.        ]]"
"[[-0.57303125  0.819524    0.00281656 -0.4739994 ]
 [-0.01905656 -0.00989207 -0.9997661  -0.35322884]
 [-0.8193078  -0.57294935  0.02128718  0.2286455 ]
 [ 0.          0.          0.          1.        ]]"
S,3,-,-,-,O,c,t,1,2, ,-, ,C,h,a,r,-,M,O,V,-,-,-, ,n,e,x,t, ,t,r,i,a,l
[ -88.01077421   54.75366433 -178.4112778 ],[-0.47635454 -0.3528204   0.22860967  1.        ]
"[[-5.7198453e-01  8.2026428e-01 -4.3892860e-04 -4.7656223e-01]
 [-1.7267525e-02 -1.2575865e-02 -9.9977177e-01 -3.5170448e-01]
 [-8.2008260e-01 -5.7184643e-01  2.1357179e-02  2.2564107e-01]
 [ 0.0000000e+00  0.0000000e+00  0.0000000e+00  1.0000000e+00]]"
"[[-1.136652    1.6455545  -0.00729439 -0.9526086 ]
 [-0.03131545 -0.03049231 -1.9995127  -0.7026862 ]
 [-1.6452818  -1.136271    0.04306734  0.45166045]
 [ 0.          0.          0.          2.        ]]"
"[[-1.7043114   2.4688156  -0.00936407 -1.4285653 ]
 [-0.04742998 -0.04411721 -2.99929    -1.0543288 ]
 [-2.4683876  -1.7037704   0.06406802  0.6772796 ]
 [ 0.          0.          0.          3.        ]]"
"[[-0.5681038   0.8229385  -0.00312136 -0.47618842]
 [-0.01580999 -0.01470574 -0.9997633  -0.35144293]
 [-0.82279587 -0.5679235   0.02135601  0.22575986]
 [ 0.          0.          0.          1.        ]]"
S,3,-,-,-,O,c,t,1,2, ,-, ,C,h,a,r,-,M,O,V,-,-,-, ,n,e,x,t, ,t,r,i,a,l
S,3,-,-,-,O,c,t,1,2, ,-, ,C,h,a,r,-,M,O,V,-,-,-, ,n,e,x,t, ,t,r,i,a,l
S,3,-,-,-,O,c,t,1,2, ,-, ,C,h,a,r,-,M,O,V,-,-,-, ,n,e,x,t, ,t,r,i,a,l
[ -87.92045584   54.82815976 -178.20093704],[-0.47703588 -0.35437465  0.23007847  1.        ]
"[[-0.5768086   0.81687653  0.00216854 -0.4766301 ]
 [-0.01632181 -0.00887084 -0.9998275  -0.3531802 ]
 [-0.8167164  -0.57674444  0.01844966  0.23083343]
 [ 0.          0.          0.          1.        ]]"
"[[-1.150572    1.6358978   0.00271198 -0.95326066]
 [-0.03169063 -0.01897418 -1.9996586  -0.7079139 ]
 [-1.6355937  -1.150419    0.0368337   0.46089244]
 [ 0.          0.          0.          2.        ]]"
"[[-1.7256173   2.4540167   0.00476626 -1.4314004 ]
 [-0.04854923 -0.0283134  -2.9994729  -1.0626738 ]
 [-2.4535415  -1.7253921   0.05599648  0.6904731 ]
 [ 0.          0.          0.          3.        ]]"
"[[-0.57520574  0.81800556  0.00158875 -0.47713348]
 [-0.01618308 -0.0094378  -0.9998243  -0.3542246 ]
 [-0.8178472  -0.5751307   0.01866549  0.23015769]
 [ 0.          0.          0.          1.        ]]"
S,3,-,-,-,O,c,t,1,2, ,-, ,C,h,a,r,-,M,O,V,-,-,-, ,n,e,x,t, ,t,r,i,a,l
S,3,-,-,-,O,c,t,1,2, ,-, ,C,h,a,r,-,M,O,V,-,-,-, ,n,e,x,t, ,t,r,i,a,l
S,3,-,-,-,O,c,t,1,2, ,-, ,C,h,a,r,-,M,O,V,-,-,-, ,n,e,x,t, ,t,r,i,a,l
S,3,-,-,-,O,c,t,1,2, ,-, ,C,h,a,r,-,M,O,V,-,-,-, ,n,e,x,t, ,t,r,i,a,l
S,3,-,-,-,O,c,t,1,2, ,-, ,C,h,a,r,-,M,O,V,-,-,-, ,n,e,x,t, ,t,r,i,a,l
[ -88.54625705   55.68125585 -178.6931742 ],[-0.4780027  -0.35272986  0.23830438  1.        ]
"[[-0.5641227   0.8256899  -0.00134829 -0.47801948]
 [-0.01049244 -0.00880134 -0.9999063  -0.35224453]
 [-0.82562435 -0.5640557   0.01362848  0.23829292]
 [ 0.          0.          0.          1.        ]]"
"[[-1.1297560e+00  1.6503447e+00  6.2030554e-04 -9.5560586e-01]
 [-2.3142397e-02 -1.5091181e-02 -1.9998066e+00 -7.0473337e-01]
 [-1.6501845e+00 -1.1296573e+00  2.7617872e-02  4.7664577e-01]
 [ 0.0000000e+00  0.0000000e+00  0.0000000e+00  2.0000000e+00]]"
"[[-1.6966138   2.4741535   0.00400046 -1.4340811 ]
 [-0.03711551 -0.02060342 -2.9996939  -1.056642  ]
 [-2.4738817  -1.6964984   0.04225373  0.7150576 ]
 [ 0.          0.          0.          3.        ]]"
"[[-0.5655379   0.8247178   0.00133349 -0.47802702]
 [-0.01237184 -0.00686781 -0.99989796 -0.352214  ]
 [-0.8246272  -0.5654995   0.01408458  0.23835254]
 [ 0.          0.          0.          1.        ]]"
S,3,-,-,-,O,c,t,1,2, ,-, ,C,h,a,r,-,M,O,V,-,-,-, ,n,e,x,t, ,t,r,i,a,l
[ -87.83988907   55.87328546 -178.84041105],[-0.47263026 -0.35276145  0.23420939  1.        ]
"[[-0.5579573   0.8298019  -0.0106245  -0.47398067]
 [-0.01228163 -0.0210582  -0.999703   -0.35186666]
 [-0.829779   -0.5576609   0.02194065  0.2353121 ]
 [ 0.          0.          0.          1.        ]]"
"[[-1.1156512   1.6598003  -0.01959416 -0.9481753 ]
 [-0.02393749 -0.03969431 -1.9994614  -0.70526135]
 [-1.659744   -1.1151154   0.0420081   0.47198462]
 [ 0.          0.          0.          2.        ]]"
"[[-1.6765258   2.487648   -0.02900958 -1.4223156 ]
 [-0.03403184 -0.05790448 -2.9992447  -1.0579413 ]
 [-2.4875836  -1.6757731   0.06057793  0.70765674]
 [ 0.          0.          0.          3.        ]]"
"[[-0.55884194  0.829216   -0.00966986 -0.4741052 ]
 [-0.01134395 -0.01930149 -0.99974823 -0.3526471 ]
 [-0.82919455 -0.55859107  0.02019264  0.23588558]
 [ 0.          0.          0.          1.        ]]"
S,3,-,-,-,O,c,t,1,2, ,-, ,C,h,a,r,-,M,O,V,-,-,-, ,n,e,x,t, ,t,r,i,a,l
[ -56.80727719   88.7538622  -147.439695  ],[-0.41787443 -0.24134225 -0.22573578  1.        ]
"[[-0.03209019  0.9993937  -0.01350588 -0.41657105]
 [-0.01546857 -0.01400781 -0.9997822  -0.2408162 ]
 [-0.99936527 -0.03187427  0.01590872 -0.22570302]
 [ 0.          0.          0.          1.        ]]"
"[[-0.06710243  1.9987595  -0.02000484 -0.8334032 ]
 [-0.03301397 -0.02112436 -1.9996029  -0.48126727]
 [-1.9985981  -0.06676623  0.03369218 -0.4512834 ]
 [ 0.          0.          0.          2.        ]]"
"[[-0.09425664  2.99838    -0.02466673 -1.2502365 ]
 [-0.04673424 -0.02616036 -2.9994962  -0.7222705 ]
 [-2.998135   -0.09385359  0.04754394 -0.67683977]
 [ 0.          0.          0.          3.        ]]"
"[[-0.03141888  0.99946    -0.00822224 -0.4167455 ]
 [-0.01557808 -0.00872012 -0.9998321  -0.24075682]
 [-0.9993784  -0.03128453  0.01584798 -0.22561325]
 [ 0.          0.          0.          1.        ]]"
S,3,-,-,-,O,c,t,1,2, ,-, ,C,h,a,r,-,M,O,V,-,-,-, ,n,e,x,t, ,t,r,i,a,l
[ -50.12580184   89.28326064 -141.06822065],[-0.4167885  -0.23942365 -0.22551697  1.        ]
"[[-0.01573849  0.9997895  -0.01317367 -0.4161754 ]
 [-0.00993121 -0.01333106 -0.99986196 -0.24127774]
 [-0.9998269  -0.01560545  0.01013881 -0.22619975]
 [ 0.          0.          0.          1.        ]]"
"[[-0.0294683   1.9996555  -0.02211183 -0.8325274 ]
 [-0.02050656 -0.02241492 -1.9997649  -0.48249143]
 [-1.9996768  -0.02923933  0.02083737 -0.45231095]
 [ 0.          0.          0.          2.        ]]"
"[[-0.05972254  2.9991558  -0.03128594 -1.2518578 ]
 [-0.03738415 -0.03210282 -2.9995756  -0.7231327 ]
 [-2.9990766  -0.059333    0.03799957 -0.67755747]
 [ 0.          0.          0.          3.        ]]"
"[[-0.01990751  0.9997186  -0.01042865 -0.41728592]
 [-0.01246138 -0.01070094 -0.99985856 -0.24104424]
 [-0.9996922  -0.01977766  0.01266652 -0.22585249]
 [ 0.          0.          0.          1.        ]]"
S,3,-,-,-,O,c,t,1,2, ,-, ,C,h,a,r,-,M,O,V,-,-,-, ,n,e,x,t, ,t,r,i,a,l
[ -58.36032582   87.98018172 -149.0349684 ],[-0.41839808 -0.2394897  -0.22521116  1.        ]
"[[-0.02739608  0.9995758  -0.00988382 -0.41832578]
 [-0.01495475 -0.01029623 -0.99983513 -0.23999985]
 [-0.99951273 -0.02724385  0.01523054 -0.2245525 ]
 [ 0.          0.          0.          1.        ]]"
"[[-0.05661607  1.9990848  -0.02120417 -0.83687925]
 [-0.03238511 -0.0221293  -1.9996133  -0.48037434]
 [-1.9989338  -0.05625987  0.03299797 -0.4496132 ]
 [ 0.          0.          0.          2.        ]]"
"[[-0.0881722   2.9985304  -0.03180039 -1.2546937 ]
 [-0.04795346 -0.03322089 -2.9994307  -0.7197702 ]
 [-2.9983144  -0.08764532  0.04890776 -0.6743535 ]
 [ 0.          0.          0.          3.        ]]"
"[[-0.02939073  0.9995101  -0.01060013 -0.41823125]
 [-0.01598448 -0.01107363 -0.9998102  -0.2399234 ]
 [-0.9994381  -0.02921511  0.01630259 -0.2247845 ]
 [ 0.          0.          0.          1.        ]]"
S,3,-,-,-,O,c,t,1,2, ,-, ,C,h,a,r,-,M,O,V,-,-,-, ,n,e,x,t, ,t,r,i,a,l
S,3,-,-,-,O,c,t,1,2, ,-, ,C,h,a,r,-,M,O,V,-,-,-, ,n,e,x,t, ,t,r,i,a,l
S,3,-,-,-,O,c,t,1,2, ,-, ,C,h,a,r,-,M,O,V,-,-,-, ,n,e,x,t, ,t,r,i,a,l
S,3,-,-,-,O,c,t,1,2, ,-, ,C,h,a,r,-,M,O,V,-,-,-, ,n,e,x,t, ,t,r,i,a,l
[ -63.05372667   87.98145384 -153.51796071],[-0.418095   -0.23953229 -0.22693387  1.        ]
"[[-0.03094459  0.99949515 -0.00719225 -0.418095  ]
 [-0.01575887 -0.00768256 -0.9998463  -0.23987101]
 [-0.9993968  -0.03082663  0.01598871 -0.2258464 ]
 [ 0.          0.          0.          1.        ]]"
"[[-0.06325328  1.9989445  -0.01475134 -0.83631086]
 [-0.03026617 -0.01571369 -1.9997089  -0.48013622]
 [-1.9987695  -0.06302127  0.03074753 -0.45132637]
 [ 0.          0.          0.          2.        ]]"
"[[-0.10459328  2.9980867  -0.01716816 -1.2549908 ]
 [-0.04739505 -0.01884103 -2.9995573  -0.7221539 ]
 [-2.997768   -0.10431355  0.04799098 -0.6757246 ]
 [ 0.          0.          0.          3.        ]]"
"[[-0.03486443  0.99936223 -0.00572272 -0.41833028]
 [-0.01579835 -0.00628034 -0.9998524  -0.24071796]
 [-0.99925596 -0.03477119  0.01599699 -0.22524154]
 [ 0.          0.          0.          1.        ]]"
S,3,-,-,-,O,c,t,1,2, ,-, ,C,h,a,r,-,M,O,V,-,-,-, ,n,e,x,t, ,t,r,i,a,l
[ -70.73428594   87.96875513 -160.82415832],[-0.4200394 -0.2412409 -0.2257033  1.       ]
"[[-3.2870531e-02  9.9945974e-01 -2.2637844e-04 -4.2069122e-01]
 [-1.1909872e-02 -6.1833858e-04 -9.9992907e-01 -2.4220806e-01]
 [-9.9938881e-01 -3.2865316e-02  1.1923671e-02 -2.2586863e-01]
 [ 0.0000000e+00  0.0000000e+00  0.0000000e+00  1.0000000e+00]]"
"[[-0.06848145  1.9988209  -0.00329247 -0.8418459 ]
 [-0.0244351  -0.00413263 -1.9998446  -0.48457113]
 [-1.9986762  -0.06843475  0.02456594 -0.45080954]
 [ 0.          0.          0.          2.        ]]"
"[[-0.11088634  2.997918   -0.00588927 -1.2653205 ]
 [-0.04075015 -0.00742376 -2.999706   -0.72451025]
 [-2.9976435  -0.11079153  0.04100585 -0.6766466 ]
 [ 0.          0.          0.          3.        ]]"
"[[-0.03696211  0.99930596 -0.00196309 -0.42177352]
 [-0.01358338 -0.00247459 -0.999902   -0.24150342]
 [-0.9992145  -0.03693051  0.01366862 -0.22554886]
 [ 0.          0.          0.          1.        ]]"
S,3,-,-,-,O,c,t,1,2, ,-, ,C,h,a,r,-,M,O,V,-,-,-, ,n,e,x,t, ,t,r,i,a,l
[ -55.12187728   87.27617901 -145.23068231],[-0.4214723  -0.24669242 -0.2253583   1.        ]
"[[-0.03972507  0.9992037  -0.00373366 -0.42059234]
 [-0.02292705 -0.00464714 -0.99972636 -0.24415593]
 [-0.9989476  -0.03962857  0.0230934  -0.2276495 ]
 [ 0.          0.          0.          1.        ]]"
"[[-0.07586527  1.9985334  -0.00958839 -0.84181166]
 [-0.04437628 -0.01128018 -1.9994743  -0.48792678]
 [-1.9980643  -0.07563403  0.04476792 -0.45550138]
 [ 0.          0.          0.          2.        ]]"
"[[-0.11679935  2.9976892  -0.01300469 -1.2669423 ]
 [-0.06912497 -0.01571214 -2.9991581  -0.73537344]
 [-2.9969196  -0.11647066  0.06967717 -0.6789432 ]
 [ 0.          0.          0.          3.        ]]"
"[[-0.03893312  0.9992297  -0.0043349  -0.42231408]
 [-0.02304166 -0.00523738 -0.9997194  -0.24512447]
 [-0.9989732  -0.03882356  0.02322572 -0.22631441]
 [ 0.          0.          0.          1.        ]]"
S,3,-,-,-,O,c,t,1,2, ,-, ,C,h,a,r,-,M,O,V,-,-,-, ,n,e,x,t, ,t,r,i,a,l
S,3,-,-,-,O,c,t,1,2, ,-, ,C,h,a,r,-,M,O,V,-,-,-, ,n,e,x,t, ,t,r,i,a,l
S,3,-,-,-,O,c,t,1,2, ,-, ,C,h,a,r,-,M,O,V,-,-,-, ,n,e,x,t, ,t,r,i,a,l
[-59.69156157  12.64023314 -80.32289845],[-0.43503442 -0.30919468  0.8203886   1.        ]
S,3,-,-,-,O,c,t,1,2, ,-, ,C,h,a,r,-,M,O,V,-,-,-, ,n,e,x,t, ,t,r,i,a,l
S,3,-,-,-,O,c,t,1,2, ,-, ,C,h,a,r,-,M,O,V,-,-,-, ,n,e,x,t, ,t,r,i,a,l
S,3,-,-,-,O,c,t,1,2, ,-, ,C,h,a,r,-,M,O,V,-,-,-, ,n,e,x,t, ,t,r,i,a,l
S,3,-,-,-,O,c,t,1,2, ,-, ,C,h,a,r,-,M,O,V,-,-,-, ,n,e,x,t, ,t,r,i,a,l
S,3,-,-,-,O,c,t,1,2, ,-, ,C,h,a,r,-,M,O,V,-,-,-, ,n,e,x,t, ,t,r,i,a,l
S,3,-,-,-,O,c,t,1,2, ,-, ,C,h,a,r,-,M,O,V,-,-,-, ,n,e,x,t, ,t,r,i,a,l
S,3,-,-,-,O,c,t,1,2, ,-, ,C,h,a,r,-,M,O,V,-,-,-, ,n,e,x,t, ,t,r,i,a,l
S,3,-,-,-,O,c,t,1,2, ,-, ,C,h,a,r,-,M,O,V,-,-,-, ,n,e,x,t, ,t,r,i,a,l
S,3,-,-,-,O,c,t,1,2, ,-, ,C,h,a,r,-,M,O,V,-,-,-, ,n,e,x,t, ,t,r,i,a,l
S,3,-,-,-,O,c,t,1,2, ,-, ,C,h,a,r,-,M,O,V,-,-,-, ,n,e,x,t, ,t,r,i,a,l
S,3,-,-,-,O,c,t,1,2, ,-, ,C,h,a,r,-,M,O,V,-,-,-, ,n,e,x,t, ,t,r,i,a,l
S,3,-,-,-,O,c,t,1,2, ,-, ,C,h,a,r,-,M,O,V,-,-,-, ,n,e,x,t, ,t,r,i,a,l
S,3,-,-,-,O,c,t,1,2, ,-, ,C,h,a,r,-,M,O,V,-,-,-, ,n,e,x,t, ,t,r,i,a,l
S,3,-,-,-,O,c,t,1,2, ,-, ,C,h,a,r,-,M,O,V,-,-,-, ,n,e,x,t, ,t,r,i,a,l
S,3,-,-,-,O,c,t,1,2, ,-, ,C,h,a,r,-,M,O,V,-,-,-, ,n,e,x,t, ,t,r,i,a,l
S,3,-,-,-,O,c,t,1,2, ,-, ,C,h,a,r,-,M,O,V,-,-,-, ,n,e,x,t, ,t,r,i,a,l
S,3,-,-,-,O,c,t,1,2, ,-, ,C,h,a,r,-,M,O,V,-,-,-, ,n,e,x,t, ,t,r,i,a,l
S,3,-,-,-,O,c,t,1,2, ,-, ,C,h,a,r,-,M,O,V,-,-,-, ,n,e,x,t, ,t,r,i,a,l
[ -86.36348333   71.5875009  -176.98745865],[-0.22401854 -0.32564935  0.20024745  1.        ]
"[[-0.3171128   0.948379   -0.00410399 -0.22488777]
 [-0.01803303 -0.01035619 -0.99978375 -0.3258286 ]
 [-0.94821644 -0.3169702   0.02038622  0.20057715]
 [ 0.          0.          0.          1.        ]]"
"[[-0.63514364  1.8964329  -0.01118639 -0.44946635]
 [-0.03486708 -0.02347207 -1.9995561  -0.6519716 ]
 [-1.8961475  -0.63480926  0.04051703  0.40122348]
 [ 0.          0.          0.          2.        ]]"
"[[-0.94627297  2.846791   -0.0154621  -0.67321664]
 [-0.0506708  -0.03314435 -2.9993844  -0.9769207 ]
 [-2.8463838  -0.94581735  0.05854541  0.60140187]
 [ 0.          0.          0.          3.        ]]"
"[[-0.31542432  0.9489303  -0.00515403 -0.22440554]
 [-0.01689027 -0.01104812 -0.9997948  -0.32564023]
 [-0.9487946  -0.31527245  0.01951514  0.20046729]
 [ 0.          0.          0.          1.        ]]"
S,3,-,-,-,O,c,t,1,2, ,-, ,C,h,a,r,-,M,O,V,-,-,-, ,n,e,x,t, ,t,r,i,a,l
S,3,-,-,-,O,c,t,1,2, ,-, ,C,h,a,r,-,M,O,V,-,-,-, ,n,e,x,t, ,t,r,i,a,l
S,3,-,-,-,O,c,t,1,2, ,-, ,C,h,a,r,-,M,O,V,-,-,-, ,n,e,x,t, ,t,r,i,a,l
[-14.66005237   1.48035825 -76.07484765],[-0.6997138  -0.24760789  0.24551532  1.        ]
S,3,-,-,-,O,c,t,1,2, ,-, ,C,h,a,r,-,M,O,V,-,-,-, ,n,e,x,t, ,t,r,i,a,l
S,3,-,-,-,O,c,t,1,2, ,-, ,C,h,a,r,-,M,O,V,-,-,-, ,n,e,x,t, ,t,r,i,a,l
[ -86.65281551   72.25964883 -177.3507228 ],[-0.22098829 -0.3240853   0.20024721  1.        ]
"[[-0.30423427  0.952487   -0.01450062 -0.22122316]
 [-0.01355332 -0.01954877 -0.9997171  -0.32428816]
 [-0.95250094 -0.30395162  0.01885664  0.20023602]
 [ 0.          0.          0.          1.        ]]"
"[[-0.6118684   1.903943   -0.02412996 -0.44290558]
 [-0.02876875 -0.03458667 -1.9994882  -0.64910746]
 [-1.9038839  -0.6113688   0.03795969  0.4004543 ]
 [ 0.          0.          0.          2.        ]]"
"[[-0.9173702   2.856064   -0.0356943  -0.6654837 ]
 [-0.04488397 -0.05189991 -2.9992085  -0.97364503]
 [-2.855939   -0.9165988   0.05859268  0.60031   ]
 [ 0.          0.          0.          3.        ]]"
"[[-0.30579007  0.95202136 -0.0118981  -0.22182791]
 [-0.01496132 -0.01729997 -0.99973613 -0.32454833]
 [-0.95197964 -0.30553293  0.01953089  0.20010334]
 [ 0.          0.          0.          1.        ]]"
S,3,-,-,-,O,c,t,1,2, ,-, ,C,h,a,r,-,M,O,V,-,-,-, ,n,e,x,t, ,t,r,i,a,l
S,3,-,-,-,O,c,t,1,2, ,-, ,C,h,a,r,-,M,O,V,-,-,-, ,n,e,x,t, ,t,r,i,a,l
[ -86.23774966   71.37568208 -176.78219822],[-0.22338592 -0.32595888  0.20080833  1.        ]
"[[-0.31755257  0.94818354 -0.01041901 -0.22275756]
 [-0.01643965 -0.01649117 -0.9997289  -0.3249665 ]
 [-0.94809824 -0.31729507  0.02082455  0.20097749]
 [ 0.          0.          0.          1.        ]]"
"[[-0.6348469   1.8964567  -0.02055636 -0.44572306]
 [-0.03299585 -0.03271854 -1.9994603  -0.6511054 ]
 [-1.896281   -0.63433623  0.041673    0.4021495 ]
 [ 0.          0.          0.          2.        ]]"
"[[-0.9538412   2.8441527  -0.03127539 -0.66955566]
 [-0.05162385 -0.05029559 -2.9991324  -0.9765634 ]
 [-2.8438544  -0.95302624  0.06493372  0.6026694 ]
 [ 0.          0.          0.          3.        ]]"
"[[-0.31794706  0.9480509  -0.01042513 -0.22318523]
 [-0.01720795 -0.0167652  -0.9997108  -0.32552114]
 [-0.9479515  -0.3176754   0.02164457  0.20088981]
 [ 0.          0.          0.          1.        ]]"
S,3,-,-,-,O,c,t,1,2, ,-, ,C,h,a,r,-,M,O,V,-,-,-, ,n,e,x,t, ,t,r,i,a,l
S,3,-,-,-,O,c,t,1,2, ,-, ,C,h,a,r,-,M,O,V,-,-,-, ,n,e,x,t, ,t,r,i,a,l
S,3,-,-,-,O,c,t,1,2, ,-, ,C,h,a,r,-,M,O,V,-,-,-, ,n,e,x,t, ,t,r,i,a,l
S,3,-,-,-,O,c,t,1,2, ,-, ,C,h,a,r,-,M,O,V,-,-,-, ,n,e,x,t, ,t,r,i,a,l
S,3,-,-,-,O,c,t,1,2, ,-, ,C,h,a,r,-,M,O,V,-,-,-, ,n,e,x,t, ,t,r,i,a,l
S,3,-,-,-,O,c,t,1,2, ,-, ,C,h,a,r,-,M,O,V,-,-,-, ,n,e,x,t, ,t,r,i,a,l
S,3,-,-,-,O,c,t,1,2, ,-, ,C,h,a,r,-,M,O,V,-,-,-, ,n,e,x,t, ,t,r,i,a,l
S,3,-,-,-,O,c,t,1,2, ,-, ,C,h,a,r,-,M,O,V,-,-,-, ,n,e,x,t, ,t,r,i,a,l
S,3,-,-,-,O,c,t,1,2, ,-, ,C,h,a,r,-,M,O,V,-,-,-, ,n,e,x,t, ,t,r,i,a,l
S,3,-,-,-,O,c,t,1,2, ,-, ,C,h,a,r,-,M,O,V,-,-,-, ,n,e,x,t, ,t,r,i,a,l
[ -86.58049781   72.25246195 -176.89557855],[-0.22370206 -0.32510346  0.20195118  1.        ]
"[[-0.3199991   0.94726384 -0.01708177 -0.22334032]
 [-0.01769727 -0.02400303 -0.99955523 -0.32693052]
 [-0.9472525  -0.31955448  0.024445    0.20221879]
 [ 0.          0.          0.          1.        ]]"
"[[-0.6404207   1.8943712  -0.03491694 -0.4461374 ]
 [-0.03259352 -0.04786658 -1.9991596  -0.6540314 ]
 [-1.8944106  -0.63958347  0.04619956  0.4055571 ]
 [ 0.          0.          0.          2.        ]]"
"[[-0.9647846   2.8402977  -0.03830579 -0.67103964]
 [-0.05344981 -0.05860007 -2.9988847  -0.9810169 ]
 [-2.8401132  -0.9637873   0.06940943  0.60784894]
 [ 0.          0.          0.          3.        ]]"
"[[-0.32159486  0.9467659  -0.0127686  -0.22367989]
 [-0.0178166  -0.01953336 -0.99962825 -0.32700562]
 [-0.9467044  -0.32126245  0.02313648  0.20261632]
 [ 0.          0.          0.          1.        ]]"
S,3,-,-,-,O,c,t,1,2, ,-, ,C,h,a,r,-,M,O,V,-,-,-, ,n,e,x,t, ,t,r,i,a,l
[ -85.74336659   71.21176245 -176.17916421],[-0.22473635 -0.32800603  0.2017956   1.        ]
"[[-0.31964493  0.9475324  -0.00312173 -0.22430865]
 [-0.02174446 -0.01062918 -0.99970716 -0.32811344]
 [-0.94728804 -0.31948334  0.024001    0.20172513]
 [ 0.          0.          0.          1.        ]]"
"[[-0.63528264  1.8963706  -0.01200542 -0.44802138]
 [-0.04100832 -0.02639723 -1.9993973  -0.65563947]
 [-1.8959723  -0.6348521   0.04725623  0.40411305]
 [ 0.          0.          0.          2.        ]]"
"[[-0.9497777   2.8456213  -0.0159843  -0.6722164 ]
 [-0.05932248 -0.03665555 -2.999177   -0.9812321 ]
 [-2.8450546  -0.94920504  0.06786716  0.6062069 ]
 [ 0.          0.          0.          3.        ]]"
"[[-0.31659257  0.94854045 -0.0053281  -0.22407214]
 [-0.01977416 -0.01221852 -0.99972564 -0.32707736]
 [-0.94835156 -0.3164017   0.02262239  0.20206897]
 [ 0.          0.          0.          1.        ]]"
S,3,-,-,-,O,c,t,1,2, ,-, ,C,h,a,r,-,M,O,V,-,-,-, ,n,e,x,t, ,t,r,i,a,l
[ -86.29577453   71.59787859 -176.55611559],[-0.22476238 -0.3277267   0.20323086  1.        ]
"[[-0.31614137  0.94870114 -0.00459358 -0.22421703]
 [-0.01880375 -0.01110709 -0.99976164 -0.32741952]
 [-0.9485259  -0.31597942  0.02135038  0.2035144 ]
 [ 0.          0.          0.          1.        ]]"
"[[-0.63500214  1.8964894  -0.00965735 -0.4487504 ]
 [-0.03726634 -0.0226599  -1.9995246  -0.6554707 ]
 [-1.8961477  -0.634671    0.04253262  0.40672934]
 [ 0.          0.          0.          2.        ]]"
"[[-0.9497292   2.8456643  -0.01339605 -0.6729741 ]
 [-0.05544329 -0.03262508 -2.9993098  -0.98151124]
 [-2.845156   -0.9492625   0.06292206  0.61086905]
 [ 0.          0.          0.          3.        ]]"
"[[-0.3165764   0.94855475 -0.00446535 -0.2243247 ]
 [-0.0184811  -0.01087503 -0.9997699  -0.3271704 ]
 [-0.9483853  -0.31642082  0.02097402  0.20362301]
 [ 0.          0.          0.          1.        ]]"
S,3,-,-,-,O,c,t,1,2, ,-, ,C,h,a,r,-,M,O,V,-,-,-, ,n,e,x,t, ,t,r,i,a,l
S,3,-,-,-,O,c,t,1,2, ,-, ,C,h,a,r,-,M,O,V,-,-,-, ,n,e,x,t, ,t,r,i,a,l
S,3,-,-,-,O,c,t,1,2, ,-, ,C,h,a,r,-,M,O,V,-,-,-, ,n,e,x,t, ,t,r,i,a,l
S,3,-,-,-,O,c,t,1,2, ,-, ,C,h,a,r,-,M,O,V,-,-,-, ,n,e,x,t, ,t,r,i,a,l
S,3,-,-,-,O,c,t,1,2, ,-, ,C,h,a,r,-,M,O,V,-,-,-, ,n,e,x,t, ,t,r,i,a,l
S,3,-,-,-,O,c,t,1,2, ,-, ,C,h,a,r,-,M,O,V,-,-,-, ,n,e,x,t, ,t,r,i,a,l
[ -86.26841372   71.31093467 -176.82749761],[-0.22418012 -0.32675546  0.2047598   1.        ]
"[[-3.2241690e-01  9.4659752e-01  8.8849664e-04 -2.2506672e-01]
 [-1.9234002e-02 -5.6128502e-03 -9.9979937e-01 -3.2769781e-01]
 [-9.4640255e-01 -3.2236910e-01  2.0016372e-02  2.0468700e-01]
 [ 0.0000000e+00  0.0000000e+00  0.0000000e+00  1.0000000e+00]]"
"[[-0.6434635   1.8936565  -0.00205296 -0.44950843]
 [-0.03846449 -0.01523709 -1.9995682  -0.6547588 ]
 [-1.8932709  -0.6432847   0.04131848  0.40890655]
 [ 0.          0.          0.          2.        ]]"
"[[-0.967538    2.839657    0.00560468 -0.6732584 ]
 [-0.05535641 -0.01293021 -2.999423   -0.9818095 ]
 [-2.8391516  -0.96744144  0.05655068  0.6119425 ]
 [ 0.          0.          0.          3.        ]]"
"[[-0.32251266  0.94655234  0.00186823 -0.22441947]
 [-0.01845214 -0.00431007 -0.99980766 -0.32726982]
 [-0.9463839  -0.32248047  0.01885023  0.20398085]
 [ 0.          0.          0.          1.        ]]"
N,o,v,6,-, ,C,h,a,r,-,M,O,V,-,-,-, ,n,e,x,t, ,t,r,i,a,l
[ -86.21827964   71.50550274 -176.84509872],[-0.22399357 -0.32584983  0.20397918  1.        ]
"[[-0.3172269   0.9483137  -0.00825357 -0.22414032]
 [-0.01772246 -0.0146296  -0.99973595 -0.32613546]
 [-0.9481841  -0.31699684  0.02144736  0.2024395 ]
 [ 0.          0.          0.          1.        ]]"
"[[-0.6368234   1.8958397  -0.01548779 -0.44827226]
 [-0.03602549 -0.02843595 -1.9994731  -0.6523529 ]
 [-1.895561   -0.63637704  0.04320246  0.40508705]
 [ 0.          0.          0.          2.        ]]"
"[[-0.9605813   2.8419785  -0.01405224 -0.6746017 ]
 [-0.05621013 -0.03382599 -2.999255   -0.9797736 ]
 [-2.8414857  -0.96009314  0.06404489  0.60713243]
 [ 0.          0.          0.          3.        ]]"
"[[-0.32019377  0.9473262  -0.00468408 -0.22486722]
 [-0.01873671 -0.01127533 -0.9997516  -0.3265912 ]
 [-0.9471619  -0.32003105  0.0213483   0.20237748]
 [ 0.          0.          0.          1.        ]]"
N,o,v,6,-, ,C,h,a,r,-,M,O,V,-,-,-, ,n,e,x,t, ,t,r,i,a,l
N,o,v,6,-, ,C,h,a,r,-,M,O,V,-,-,-, ,n,e,x,t, ,t,r,i,a,l
[ -85.98212807   71.33082628 -176.73638939],[-0.2231289  -0.32546297  0.20373102  1.        ]
"[[-0.32142448  0.94692194 -0.00499991 -0.22389501]
 [-0.01980197 -0.01200032 -0.9997319  -0.32580364]
 [-0.9467281  -0.32123938  0.02260816  0.20359114]
 [ 0.          0.          0.          1.        ]]"
"[[-0.6451299   1.893057   -0.01161543 -0.44800937]
 [-0.0388017  -0.02549124 -1.9994606  -0.6521765 ]
 [-1.8926954  -0.644731    0.04495132  0.4071801 ]
 [ 0.          0.          0.          2.        ]]"
"[[-0.9654894   2.8402648  -0.02456516 -0.67170954]
 [-0.05904913 -0.04600513 -2.9990451  -0.9775748 ]
 [-2.839775   -0.964695    0.0707016   0.60963976]
 [ 0.          0.          0.          3.        ]]"
"[[-0.3218298   0.94675493 -0.00818839 -0.22390318]
 [-0.01968304 -0.01533504 -0.9996817  -0.32585827]
 [-0.9465917  -0.321565    0.0235672   0.20321326]
 [ 0.          0.          0.          1.        ]]"
N,o,v,6,-, ,C,h,a,r,-,M,O,V,-,-,-, ,n,e,x,t, ,t,r,i,a,l
N,o,v,6,-, ,C,h,a,r,-,M,O,V,-,-,-, ,n,e,x,t, ,t,r,i,a,l
N,o,v,6,-, ,C,h,a,r,-,M,O,V,-,-,-, ,n,e,x,t, ,t,r,i,a,l
N,o,v,6,-, ,C,h,a,r,-,M,O,V,-,-,-, ,n,e,x,t, ,t,r,i,a,l
N,o,v,6,-, ,C,h,a,r,-,M,O,V,-,-,-, ,n,e,x,t, ,t,r,i,a,l
N,o,v,6,-, ,C,h,a,r,-,M,O,V,-,-,-, ,n,e,x,t, ,t,r,i,a,l
[ -86.60415744   71.40581346 -176.88061341],[-0.22508213 -0.32808176  0.20428672  1.        ]
"[[-0.31560028  0.9488627  -0.00751916 -0.2243552 ]
 [-0.01724795 -0.01365948 -0.9997581  -0.3275984 ]
 [-0.9487356  -0.31539407  0.02067667  0.20413232]
 [ 0.          0.          0.          1.        ]]"
"[[-0.63346624  1.8969808  -0.01328027 -0.44901907]
 [-0.03448367 -0.02551293 -1.9995393  -0.65584505]
 [-1.8967144  -0.6330913   0.04078609  0.40897232]
 [ 0.          0.          0.          2.        ]]"
"[[-0.9561064   2.8434913  -0.01784435 -0.67369944]
 [-0.05357927 -0.03684282 -2.9992929  -0.982527  ]
 [-2.8430433  -0.95556486  0.0625158   0.6130257 ]
 [ 0.          0.          0.          3.        ]]"
"[[-0.31870213  0.94783044 -0.00594812 -0.22456647]
 [-0.01785976 -0.01228094 -0.99976426 -0.32750902]
 [-0.9476811  -0.31852162  0.0208386   0.2043419 ]
 [ 0.          0.          0.          1.        ]]"
N,o,v,6,-, ,C,h,a,r,-,M,O,V,-,-,-, ,n,e,x,t, ,t,r,i,a,l
N,o,v,6,-, ,C,h,a,r,-,M,O,V,-,-,-, ,n,e,x,t, ,t,r,i,a,l
[ -88.99503276   14.87238299 -178.98189817],[-0.58996964 -0.21406029 -0.3418581   1.        ]
"[[-0.96788     0.2508503   0.01681776 -0.59038776]
